#!font#
<<
/Type /Font
/Subtype /TrueType
/Name /F50
/BaseFont /MgCourier,Normal
/Encoding /WinAnsiEncoding
/FirstChar 0
/LastChar 255
/Widths [ 800 800 800 800 800 800 800 800 800 800 800 800 800 800 800 800
800 800 800 800 800 800 800 800 800 800 800 800 800 800 800 800
614 614 614 614 614 614 614 614 614 614 614 614 614 614 614 614
614 614 614 614 614 614 614 614 614 614 614 614 614 614 614 614
614 614 614 614 614 614 614 614 614 614 614 614 614 614 614 614
614 614 614 614 614 614 614 614 614 614 614 614 614 614 614 614
614 614 614 614 614 614 614 614 614 614 614 614 614 614 614 614
614 614 614 614 614 614 614 614 614 614 614 614 614 614 614 558
800 558 800 614 614 614 614 614 800 614 800 614 800 558 800 558
558 614 614 614 614 558 614 614 800 614 800 614 800 558 800 800
614 614 614 614 432 614 614 614 614 614 307 614 614 614 614 614
614 614 614 614 614 614 488 614 614 614 614 614 614 614 614 614
614 614 614 614 614 614 614 614 614 614 614 614 614 614 614 614
614 614 800 614 614 614 614 614 614 614 614 614 614 614 614 614
614 614 614 614 614 614 614 614 614 614 614 614 614 614 614 614
614 614 614 614 614 614 614 614 614 614 614 614 614 614 614 90 ]
/FontDescriptor #!descriptor# 0 R
>>
#!fontdescriptor#
<< 
/Type /FontDescriptor
/FontName /MgCourier-Normal
/FontBBox [ -115 -196 750 800 ]
/Ascent 800
/Descent -199
/CapHeight 800
/ItalicAngle 0
/Flags 32
/StemV 70
#!ttfile#./greek.ttf#!/ttfile#
>>
#!/fontdescriptor#
#!/font#
