#!compress#
#!font#
<<
/Type /Font
/Subtype /TrueType
/Name /F50
/BaseFont /AngsanaDSE,Regular
/Encoding /WinAnsiEncoding
/FirstChar 0
/LastChar 255
/Widths [ 500 500 500 500 500 500 500 500 500 500 500 500 500 500 500 500
500 500 500 500 500 500 500 500 500 500 500 500 500 500 500 500
165 220 270 330 330 550 513 119 220 220 330 372 165 220 165 183
330 330 330 330 330 330 330 330 330 330 183 183 372 372 372 293
608 477 440 440 477 403 367 477 477 220 257 477 403 587 477 477
367 477 440 367 403 477 477 623 477 477 403 220 183 220 310 330
220 293 330 293 330 293 220 330 330 183 183 330 183 513 330 330
330 330 220 257 183 330 330 477 330 330 293 317 132 317 357 0
500 0 0 0 0 0 0 0 0 0 0 0 378 0 500 0 0 220 220 293 293 0 0 0
0 0 0 0 0 0 500 525 165 396 398 454 398 400 484 315 355 428 405
440 506 220 420 425 378 524 521 534 400 500 395 450 380 460 450
450 391 391 464 464 414 420 343 342 395 395 415 354 390 441 440
467 455 394 371 400 358 0 285 285 0 0 0 0 0 0 0 0 0 0 0 440 168
377 342 306 344 292 425 0 0 0 0 0 0 0 0 428 402 404 568 510 512
528 427 536 502 408 471 816 0 0 0 221 ]
/FontDescriptor #!descriptor# 0 R
>>
#!fontdescriptor#
<< 
/Type /FontDescriptor
/FontName /AngsanaDSE
/Ascent 923
/CapHeight 941
/Descent -238
/Flags 32
/FontBBox [ -489 -409 791 941 ]
/ItalicAngle 0
/StemV 70
#!ttfile#./thai.ttf#!/ttfile#
>>
#!/fontdescriptor#
#!/font#
