#!font#
<<
/Type /Font
/Subtype /TrueType
/Name /F50
/BaseFont /CourierNewSafari
/Encoding /WinAnsiEncoding
/FirstChar 30
/LastChar 255
/Widths [ 600 600 600 600 600 600 600 600 600 600 600 600 600 600 600 600
 600 600 600 600 600 600 600 600 600 600 600 600 600 600 600 600
 600 600 600 600 600 600 600 600 600 600 600 600 600 600 600 600
 600 600 600 600 600 600 600 600 600 600 600 600 600 600 600 600
 600 600 600 600 600 600 600 600 600 600 600 600 600 600 600 600
 600 600 600 600 600 600 600 600 600 600 600 600 600 600 600 600
 600 600 600 600 600 600 600 600 600 600 600 600 600 600 600 600
 600 600 600 600 600 600 600 600 600 600 600 600 600 600 600 600
 600 600 600 600 600 600 600 600 600 600 600 600 600 600 600 600
 600 600 600 600 600 600 600 600 600 600 600 600 600 600 600 600
 600 600 600 600 600 600 600 600 600 600 600 600 600 600 600 600
 600 600 600 600 600 600 600 600 600 600 600 600 600 600 600 600
 600 600 600 600 600 600 600 600 600 600 600 600 600 600 600 600
 600 600 600 600 600 600 600 600 600 600 600 600 600 600 600 600
 600 600]
/FontDescriptor #!descriptor# 0 R
>>
#!fontdescriptor#
<< 
/Type /FontDescriptor
/FontName /CourierNewSafari
/FontBBox [ -21 -300 638 951 ]
/Ascent 613
/Descent -188
/CapHeight 613
/ItalicAngle 0
/Flags 35
/StemV 70
#!ttfile#./Courier_New_Saf.ttf#!/ttfile#
>>
#!/fontdescriptor#
#!/font#
