#!compress#
#!font#
<<
/Type /Font
/Subtype /TrueType
/Name /F50
/BaseFont /CourierNew
/Encoding /WinAnsiEncoding
/FirstChar 30
/LastChar 255
/Widths [ 600 600 600 600 600 600 600 600 600 600 600 600 600 600 600 600
 600 600 600 600 600 600 600 600 600 600 600 600 600 600 600 600
 600 600 600 600 600 600 600 600 600 600 600 600 600 600 600 600
 600 600 600 600 600 600 600 600 600 600 600 600 600 600 600 600
 600 600 600 600 600 600 600 600 600 600 600 600 600 600 600 600
 600 600 600 600 600 600 600 600 600 600 600 600 600 600 600 600
 600 600 600 600 600 600 600 600 600 600 600 600 600 600 600 600
 600 600 600 600 600 600 600 600 600 600 600 600 600 600 600 600
 600 600 600 600 600 600 600 600 600 600 600 600 600 600 600 600
 600 600 600 600 600 600 600 600 600 600 600 600 600 600 600 600
 600 600 600 600 600 600 600 600 600 600 600 600 600 600 600 600
 600 600 600 600 600 600 600 600 600 600 600 600 600 600 600 600
 600 600 600 600 600 600 600 600 600 600 600 600 600 600 600 600
 600 600 600 600 600 600 600 600 600 600 600 600 600 600 600 600
 600 600]
/FontDescriptor #!descriptor# 0 R
>>
#!fontdescriptor#
<< 
/Type /FontDescriptor
/FontName /CourierNew
/FontBBox [ -7 -274 637 783 ]
/Ascent 905
/Descent -212
/ItalicAngle 0
/Flags 32
#!ttfile#./polish.ttf#!/ttfile#
>>
#!/fontdescriptor#
#!/font#
