#!font#
<<
/Type /Font
/Subtype /TrueType
/Name /F50
/BaseFont /MSLineDraw
/FirstChar 31
/Encoding /MacExpertEncoding
/LastChar 255
/Widths [ 600 600 600 600 600 600 600 600 600 600 600 600 600 600 600 600 
600 600 600 600 600 600 600 600 600 600 600 600 600 600 600 600 
600 600 600 600 600 600 600 600 600 600 600 600 600 600 600 600 
600 600 600 600 600 600 600 600 600 600 600 600 600 600 600 600 
600 600 600 600 600 600 600 600 600 600 600 600 600 600 600 600 
600 600 600 600 600 600 600 600 600 600 600 600 600 600 600 600 
600 600 600 600 600 600 600 600 600 600 600 600 600 600 600 600 
600 600 600 600 600 600 600 600 600 600 600 600 600 600 600 600 
600 600 600 600 600 600 600 600 600 600 600 600 600 600 600 600 
600 600 600 600 600 600 600 600 600 600 600 600 600 600 600 600 
600 600 600 600 600 600 600 600 600 600 600 600 600 600 600 600 
600 600 600 600 600 600 600 600 600 600 600 600 600 600 600 600 
600 600 600 600 600 600 600 600 600 600 600 600 600 600 600 600 
600 600 600 600 600 600 600 600 600 600 600 600 600 600 600 600 
600 ]
/FontDescriptor #!descriptor# 0 R
>>
#!fontdescriptor#
<< 
/Type /FontDescriptor
/FontName /MSLineDraw
/Flags 7
/FontBBox [ -665 -325 2028 1037 ]
/Ascent 905
/Descent -212
/CapHeight 905
/XHeight 724
/ItalicAngle 0
/Flags 32
/StemV 70
#!ttfile#./Linedraw.ttf#!/ttfile#
>>
#!/fontdescriptor#
#!/font#

