#!compress#
#!font#
<<
/Type /Font
/Subtype /TrueType
/Name /F50
/BaseFont /ERKurier1251,Normal
/Encoding /WinAnsiEncoding
/FirstChar 0
/LastChar 255
/Widths [ 684 684 684 684 684 684 684 684 684 684 684 684 684 684 684 684
684 684 684 684 684 684 684 684 684 684 684 684 684 684 684 684
600 600 600 600 600 600 600 600 600 600 600 600 600 600 600 600
600 600 600 600 600 600 600 600 600 600 600 600 600 600 600 600
600 600 600 600 600 600 600 600 600 600 600 600 600 600 600 600
600 600 600 600 600 600 600 600 600 600 600 600 600 600 600 600
600 600 600 600 600 600 600 600 600 600 600 600 600 600 600 600
600 600 600 600 600 600 600 600 600 600 600 600 600 600 600 600
684 600 600 600 600 600 600 600 600 600 600 600 600 600 684 600
600 600 600 600 600 600 600 600 600 600 600 600 600 600 684 600
600 600 600 600 600 600 600 600 600 600 600 600 600 600 600 600
600 600 600 600 600 600 600 600 600 600 600 600 600 600 600 600
600 600 600 600 600 600 600 600 600 600 600 600 600 600 600 600
600 600 600 600 600 600 600 600 600 600 600 600 600 600 600 600
600 600 600 600 600 600 600 600 600 600 600 600 600 600 600 600
600 600 600 600 600 600 600 600 600 600 600 600 600 600 600 600 ]
/FontDescriptor #!descriptor# 0 R
>>
#!fontdescriptor#
<< 
/Type /FontDescriptor
/FontName /ER-Kurier1251
/Ascent 684
/CapHeight 817
/Descent -219
/Flags 32
/FontBBox [ -24 -297 641 817 ]
/ItalicAngle 0
/StemV 70
#!ttfile#./CO1251N.TTF#!/ttfile#
>>
#!/fontdescriptor#
#!/font#
